Frequency	dB	Unweighted
19.5	97.8	
19.8	97.8	
20.1	97.9	
20.4	98.0	
20.7	98.2	
21.0	98.4	
21.3	98.5	
21.6	98.6	
21.9	98.6	
22.2	98.7	
22.5	98.8	
22.9	98.8	
23.2	99.0	
23.5	99.1	
23.9	99.2	
24.2	99.2	
24.6	99.3	
24.9	99.4	
25.3	99.6	
25.7	99.7	
26.0	99.7	
26.4	99.7	
26.8	99.7	
27.2	99.7	
27.6	100.0	
28.0	100.4	
28.4	100.9	
28.8	101.1	
29.2	101.1	
29.7	100.9	
30.1	100.6	
30.5	100.5	
31.0	100.6	
31.4	100.7	
31.9	100.8	
32.4	100.8	
32.8	100.8	
33.3	100.9	
33.8	101.0	
34.3	101.0	
34.8	101.0	
35.3	100.9	
35.8	101.0	
36.3	101.0	
36.9	101.1	
37.4	101.2	
37.9	101.2	
38.5	101.2	
39.1	101.2	
39.6	101.3	
40.2	101.2	
40.8	101.2	
41.4	101.1	
42.0	101.1	
42.6	101.2	
43.2	101.3	
43.9	101.3	
44.5	101.2	
45.1	101.3	
45.8	101.4	
46.5	101.3	
47.1	101.5	
47.8	101.8	
48.5	102.0	
49.2	101.6	
50.0	101.1	
50.7	101.2	
51.4	101.3	
52.2	101.2	
52.9	101.1	
53.7	101.4	
54.5	101.3	
55.3	101.0	
56.1	100.9	
56.9	100.6	
57.7	100.1	
58.6	100.7	
59.4	101.4	
60.3	101.1	
61.2	100.7	
62.1	101.0	
63.0	101.0	
63.9	101.0	
64.8	100.8	
65.8	100.4	
66.7	100.5	
67.7	100.1	
68.7	99.6	
69.7	100.1	
70.7	99.3	
71.7	99.6	
72.8	100.4	
73.8	100.1	
74.9	100.8	
76.0	100.5	
77.1	100.1	
78.3	100.0	
79.4	100.1	
80.5	99.9	
81.7	99.7	
82.9	99.7	
84.1	99.7	
85.4	99.6	
86.6	99.6	
87.9	99.5	
89.1	99.0	
90.4	98.8	
91.8	99.3	
93.1	98.8	
94.5	98.7	
95.8	98.8	
97.2	98.6	
98.6	98.7	
100.1	98.2	
101.5	98.4	
103.0	98.3	
104.5	97.7	
106.0	98.2	
107.6	98.1	
109.2	97.6	
110.8	97.8	
112.4	98.1	
114.0	97.7	
115.7	97.8	
117.4	97.7	
119.1	97.6	
120.8	97.5	
122.6	97.5	
124.3	97.1	
126.2	97.4	
128.0	97.0	
129.9	96.9	
131.8	96.7	
133.7	97.0	
135.6	96.4	
137.6	96.5	
139.6	96.6	
141.7	96.5	
143.7	96.5	
145.8	96.3	
147.9	96.3	
150.1	96.1	
152.3	96.2	
154.5	95.8	
156.8	96.0	
159.0	95.8	
161.4	95.8	
163.7	95.7	
166.1	95.5	
168.5	95.5	
171.0	95.6	
173.5	95.7	
176.0	95.5	
178.6	95.5	
181.2	95.4	
183.8	95.4	
186.5	95.5	
189.2	95.2	
192.0	95.0	
194.8	95.1	
197.6	95.2	
200.5	95.0	
203.4	94.9	
206.4	94.9	
209.4	95.0	
212.4	94.9	
215.5	94.9	
218.7	94.8	
221.9	94.8	
225.1	94.7	
228.4	94.7	
231.7	94.6	
235.1	94.6	
238.5	94.6	
242.0	94.5	
245.5	94.5	
249.1	94.5	
252.7	94.5	
256.4	94.4	
260.2	94.4	
263.9	94.3	
267.8	94.3	
271.7	94.4	
275.7	94.2	
279.7	94.2	
283.8	94.1	
287.9	94.1	
292.1	94.1	
296.3	94.0	
300.7	94.0	
305.1	94.0	
309.5	94.0	
314.0	93.9	
318.6	93.9	
323.2	93.8	
327.9	93.8	
332.7	93.8	
337.6	93.7	
342.5	93.8	
347.5	93.7	
352.6	93.7	
357.7	93.8	
362.9	93.7	
368.2	93.7	
373.6	93.7	
379.0	93.7	
384.5	93.6	
390.2	93.6	
395.8	93.6	
401.6	93.5	
407.5	93.5	
413.4	93.5	
419.4	93.5	
425.6	93.4	
431.8	93.4	
438.1	93.3	
444.4	93.3	
450.9	93.4	
457.5	93.3	
464.2	93.2	
470.9	93.3	
477.8	93.2	
484.8	93.1	
491.8	93.1	
499.0	93.1	
506.3	93.1	
513.7	93.0	
521.1	93.0	
528.7	92.9	
536.5	92.9	
544.3	92.9	
552.2	92.8	
560.3	92.8	
568.4	92.8	
576.7	92.7	
585.1	92.6	
593.7	92.6	
602.3	92.6	
611.1	92.6	
620.0	92.6	
629.0	92.5	
638.2	92.5	
647.5	92.5	
657.0	92.4	
666.5	92.3	
676.2	92.3	
686.1	92.3	
696.1	92.3	
706.3	92.2	
716.6	92.1	
727.0	92.1	
737.6	92.1	
748.4	92.0	
759.3	92.0	
770.3	92.0	
781.6	91.9	
793.0	91.9	
804.5	91.8	
816.3	91.8	
828.2	91.8	
840.2	91.7	
852.5	91.8	
864.9	91.7	
877.5	91.7	
890.3	91.8	
903.3	91.8	
916.5	91.8	
929.8	91.8	
943.4	91.9	
957.1	91.9	
971.1	91.9	
985.2	92.0	
999.6	92.1	
1014.2	92.1	
1029.0	92.2	
1044.0	92.3	
1059.2	92.4	
1074.6	92.4	
1090.3	92.5	
1106.2	92.6	
1122.3	92.7	
1138.7	92.8	
1155.3	92.9	
1172.1	93.0	
1189.2	93.1	
1206.6	93.2	
1224.1	93.3	
1242.0	93.4	
1260.1	93.5	
1278.5	93.6	
1297.1	93.7	
1316.0	93.8	
1335.2	93.8	
1354.7	93.9	
1374.4	94.0	
1394.5	94.1	
1414.8	94.2	
1435.4	94.3	
1456.3	94.4	
1477.6	94.4	
1499.1	94.5	
1521.0	94.6	
1543.1	94.7	
1565.6	94.8	
1588.5	94.8	
1611.6	94.9	
1635.1	95.0	
1659.0	95.1	
1683.2	95.2	
1707.7	95.3	
1732.6	95.4	
1757.8	95.6	
1783.5	95.7	
1809.5	95.8	
1835.9	95.9	
1862.6	96.0	
1889.8	96.2	
1917.3	96.3	
1945.3	96.4	
1973.6	96.6	
2002.4	96.7	
2031.6	96.9	
2061.2	97.0	
2091.3	97.2	
2121.8	97.4	
2152.7	97.5	
2184.1	97.7	
2215.9	97.9	
2248.2	98.1	
2281.0	98.3	
2314.3	98.5	
2348.0	98.7	
2382.3	98.9	
2417.0	99.1	
2452.2	99.4	
2488.0	99.6	
2524.2	99.8	
2561.0	100.0	
2598.4	100.2	
2636.3	100.4	
2674.7	100.6	
2713.7	100.8	
2753.3	100.9	
2793.4	101.0	
2834.1	101.1	
2875.4	101.2	
2917.4	101.3	
2959.9	101.3	
3003.1	101.2	
3046.8	101.2	
3091.3	101.1	
3136.3	101.0	
3182.1	100.9	
3228.4	100.7	
3275.5	100.6	
3323.3	100.4	
3371.7	100.2	
3420.9	100.1	
3470.8	99.9	
3521.4	99.7	
3572.7	99.6	
3624.8	99.4	
3677.6	99.3	
3731.2	99.1	
3785.6	99.0	
3840.8	98.8	
3896.8	98.7	
3953.6	98.6	
4011.3	98.5	
4069.8	98.4	
4129.1	98.3	
4189.3	98.2	
4250.4	98.2	
4312.3	98.1	
4375.2	98.0	
4439.0	97.9	
4503.7	97.8	
4569.4	97.8	
4636.0	97.7	
4703.6	97.6	
4772.2	97.5	
4841.7	97.4	
4912.3	97.3	
4984.0	97.2	
5056.6	97.1	
5130.3	97.0	
5205.1	96.9	
5281.0	96.9	
5358.0	96.8	
5436.1	96.7	
5515.4	96.5	
5595.8	96.4	
5677.4	96.3	
5760.1	96.1	
5844.1	96.0	
5929.3	95.8	
6015.8	95.7	
6103.5	95.6	
6192.5	95.6	
6282.7	95.5	
6374.3	95.6	
6467.3	95.6	
6561.6	95.8	
6657.2	95.9	
6754.3	96.2	
6852.8	96.6	
6952.7	97.0	
7054.0	97.5	
7156.9	98.1	
7261.2	98.6	
7367.1	98.9	
7474.5	99.1	
7583.5	98.8	
7694.0	98.1	
7806.2	97.0	
7920.0	95.8	
8035.5	94.5	
8152.6	93.3	
8271.5	92.2	
8392.1	91.3	
8514.4	90.5	
8638.6	89.8	
8764.5	89.2	
8892.3	88.7	
9021.9	88.3	
9153.5	88.0	
9286.9	87.9	
9422.3	87.9	
9559.7	88.1	
9699.1	88.5	
9840.5	88.9	
9983.9	89.4	
10129.5	89.8	
10277.2	90.1	
10427.0	90.3	
10579.0	90.4	
10733.3	90.4	
10889.7	90.4	
11048.5	90.2	
11209.6	90.0	
11373.0	89.8	
11538.8	89.7	
11707.1	89.4	
11877.7	89.0	
12050.9	88.4	
12226.6	87.9	
12404.9	87.4	
12585.7	87.0	
12769.2	86.7	
12955.4	86.5	
13144.3	86.7	
13335.9	87.1	
13530.3	87.8	
13727.6	88.8	
13927.7	90.3	
14130.8	92.0	
14336.8	94.0	
14545.8	96.0	
14757.9	97.5	
14973.0	98.0	
15191.3	97.6	
15412.8	96.9	
15637.5	95.9	
15865.5	94.8	
16096.8	93.6	
16331.5	92.6	
16569.6	91.7	
16811.2	90.7	
17056.3	89.4	
17304.9	88.2	
17557.2	87.3	
17813.2	86.8	
18072.9	86.5	
18336.4	85.8	
18603.7	84.2	
18875.0	83.2	
19150.1	82.5	
19429.3	81.0	
19712.6	79.3	
20000.0	77.6	
