Frequency	dB	Unweighted
19.5	97.7	
19.8	97.7	
20.1	97.7	
20.4	97.9	
20.7	98.0	
21.0	98.1	
21.3	98.2	
21.6	98.3	
21.9	98.4	
22.2	98.5	
22.5	98.6	
22.9	98.7	
23.2	98.9	
23.5	99.0	
23.9	99.1	
24.2	99.2	
24.6	99.3	
24.9	99.4	
25.3	99.5	
25.7	99.6	
26.0	99.6	
26.4	99.6	
26.8	99.7	
27.2	99.8	
27.6	99.9	
28.0	100.1	
28.4	100.2	
28.8	100.2	
29.2	100.1	
29.7	100.1	
30.1	100.2	
30.5	100.4	
31.0	100.7	
31.4	100.8	
31.9	100.8	
32.4	100.7	
32.8	100.7	
33.3	100.7	
33.8	100.7	
34.3	100.8	
34.8	100.8	
35.3	100.9	
35.8	101.0	
36.3	101.0	
36.9	101.1	
37.4	101.1	
37.9	101.1	
38.5	101.2	
39.1	101.2	
39.6	101.3	
40.2	101.2	
40.8	101.2	
41.4	101.2	
42.0	101.2	
42.6	101.2	
43.2	101.3	
43.9	101.4	
44.5	101.3	
45.1	101.1	
45.8	101.2	
46.5	101.4	
47.1	101.4	
47.8	101.3	
48.5	101.8	
49.2	102.0	
50.0	101.4	
50.7	100.9	
51.4	101.2	
52.2	101.6	
52.9	101.6	
53.7	101.4	
54.5	101.2	
55.3	101.2	
56.1	101.4	
56.9	101.3	
57.7	101.2	
58.6	101.2	
59.4	101.1	
60.3	101.1	
61.2	100.9	
62.1	100.9	
63.0	101.5	
63.9	101.2	
64.8	101.1	
65.8	101.9	
66.7	100.7	
67.7	100.2	
68.7	101.0	
69.7	100.4	
70.7	100.2	
71.7	100.6	
72.8	100.7	
73.8	100.6	
74.9	100.4	
76.0	100.3	
77.1	100.3	
78.3	100.3	
79.4	100.0	
80.5	99.8	
81.7	99.8	
82.9	99.6	
84.1	99.7	
85.4	99.7	
86.6	99.6	
87.9	99.5	
89.1	99.3	
90.4	99.1	
91.8	99.3	
93.1	99.1	
94.5	99.1	
95.8	98.9	
97.2	98.7	
98.6	98.7	
100.1	98.9	
101.5	98.5	
103.0	98.5	
104.5	98.3	
106.0	98.3	
107.6	98.2	
109.2	98.0	
110.8	97.9	
112.4	97.9	
114.0	97.9	
115.7	97.8	
117.4	97.8	
119.1	97.9	
120.8	97.3	
122.6	97.4	
124.3	97.4	
126.2	97.2	
128.0	96.9	
129.9	96.3	
131.8	96.9	
133.7	96.5	
135.6	96.6	
137.6	96.4	
139.6	96.2	
141.7	96.3	
143.7	96.2	
145.8	96.2	
147.9	96.2	
150.1	96.2	
152.3	96.4	
154.5	96.3	
156.8	96.3	
159.0	96.3	
161.4	96.2	
163.7	96.2	
166.1	96.4	
168.5	96.2	
171.0	96.2	
173.5	96.1	
176.0	96.1	
178.6	96.1	
181.2	95.8	
183.8	95.8	
186.5	95.8	
189.2	95.7	
192.0	95.8	
194.8	95.7	
197.6	95.6	
200.5	95.5	
203.4	95.5	
206.4	95.5	
209.4	95.3	
212.4	95.2	
215.5	95.3	
218.7	95.2	
221.9	95.2	
225.1	95.1	
228.4	95.1	
231.7	95.1	
235.1	95.0	
238.5	95.0	
242.0	95.0	
245.5	95.0	
249.1	94.9	
252.7	94.8	
256.4	94.8	
260.2	94.7	
263.9	94.9	
267.8	94.7	
271.7	94.7	
275.7	94.8	
279.7	94.7	
283.8	94.7	
287.9	94.5	
292.1	94.6	
296.3	94.6	
300.7	94.5	
305.1	94.5	
309.5	94.5	
314.0	94.5	
318.6	94.5	
323.2	94.4	
327.9	94.5	
332.7	94.4	
337.6	94.3	
342.5	94.3	
347.5	94.3	
352.6	94.4	
357.7	94.2	
362.9	94.3	
368.2	94.2	
373.6	94.2	
379.0	94.2	
384.5	94.2	
390.2	94.1	
395.8	94.1	
401.6	94.1	
407.5	94.0	
413.4	94.1	
419.4	94.0	
425.6	94.0	
431.8	94.0	
438.1	94.0	
444.4	93.9	
450.9	93.8	
457.5	93.8	
464.2	93.8	
470.9	93.7	
477.8	93.7	
484.8	93.7	
491.8	93.7	
499.0	93.6	
506.3	93.6	
513.7	93.5	
521.1	93.5	
528.7	93.5	
536.5	93.5	
544.3	93.4	
552.2	93.3	
560.3	93.3	
568.4	93.3	
576.7	93.2	
585.1	93.2	
593.7	93.2	
602.3	93.1	
611.1	93.1	
620.0	93.0	
629.0	93.0	
638.2	93.0	
647.5	92.9	
657.0	92.9	
666.5	92.8	
676.2	92.8	
686.1	92.7	
696.1	92.8	
706.3	92.7	
716.6	92.7	
727.0	92.6	
737.6	92.6	
748.4	92.5	
759.3	92.5	
770.3	92.5	
781.6	92.4	
793.0	92.4	
804.5	92.4	
816.3	92.4	
828.2	92.3	
840.2	92.3	
852.5	92.3	
864.9	92.3	
877.5	92.3	
890.3	92.3	
903.3	92.3	
916.5	92.3	
929.8	92.3	
943.4	92.4	
957.1	92.4	
971.1	92.4	
985.2	92.5	
999.6	92.6	
1014.2	92.6	
1029.0	92.7	
1044.0	92.8	
1059.2	92.9	
1074.6	92.9	
1090.3	93.1	
1106.2	93.2	
1122.3	93.3	
1138.7	93.3	
1155.3	93.5	
1172.1	93.6	
1189.2	93.7	
1206.6	93.8	
1224.1	93.9	
1242.0	94.0	
1260.1	94.1	
1278.5	94.1	
1297.1	94.2	
1316.0	94.3	
1335.2	94.4	
1354.7	94.5	
1374.4	94.6	
1394.5	94.7	
1414.8	94.7	
1435.4	94.8	
1456.3	94.9	
1477.6	95.0	
1499.1	95.0	
1521.0	95.1	
1543.1	95.2	
1565.6	95.3	
1588.5	95.3	
1611.6	95.4	
1635.1	95.5	
1659.0	95.6	
1683.2	95.7	
1707.7	95.8	
1732.6	95.9	
1757.8	96.0	
1783.5	96.1	
1809.5	96.2	
1835.9	96.3	
1862.6	96.4	
1889.8	96.5	
1917.3	96.6	
1945.3	96.8	
1973.6	96.9	
2002.4	97.0	
2031.6	97.2	
2061.2	97.3	
2091.3	97.5	
2121.8	97.6	
2152.7	97.8	
2184.1	97.9	
2215.9	98.1	
2248.2	98.3	
2281.0	98.5	
2314.3	98.7	
2348.0	98.9	
2382.3	99.1	
2417.0	99.2	
2452.2	99.4	
2488.0	99.6	
2524.2	99.8	
2561.0	100.0	
2598.4	100.2	
2636.3	100.4	
2674.7	100.6	
2713.7	100.7	
2753.3	100.8	
2793.4	101.0	
2834.1	101.1	
2875.4	101.1	
2917.4	101.1	
2959.9	101.1	
3003.1	101.1	
3046.8	101.1	
3091.3	101.0	
3136.3	100.9	
3182.1	100.8	
3228.4	100.7	
3275.5	100.6	
3323.3	100.5	
3371.7	100.4	
3420.9	100.3	
3470.8	100.2	
3521.4	100.0	
3572.7	99.8	
3624.8	99.7	
3677.6	99.5	
3731.2	99.3	
3785.6	99.2	
3840.8	99.0	
3896.8	98.9	
3953.6	98.8	
4011.3	98.6	
4069.8	98.5	
4129.1	98.4	
4189.3	98.3	
4250.4	98.1	
4312.3	98.0	
4375.2	97.9	
4439.0	97.7	
4503.7	97.6	
4569.4	97.4	
4636.0	97.2	
4703.6	97.0	
4772.2	96.8	
4841.7	96.6	
4912.3	96.5	
4984.0	96.3	
5056.6	96.1	
5130.3	95.9	
5205.1	95.8	
5281.0	95.6	
5358.0	95.4	
5436.1	95.3	
5515.4	95.1	
5595.8	94.9	
5677.4	94.7	
5760.1	94.5	
5844.1	94.2	
5929.3	94.0	
6015.8	93.8	
6103.5	93.6	
6192.5	93.4	
6282.7	93.2	
6374.3	93.0	
6467.3	92.9	
6561.6	92.9	
6657.2	92.9	
6754.3	92.9	
6852.8	93.1	
6952.7	93.3	
7054.0	93.6	
7156.9	93.9	
7261.2	94.4	
7367.1	95.0	
7474.5	95.6	
7583.5	96.3	
7694.0	97.2	
7806.2	98.0	
7920.0	98.5	
8035.5	98.5	
8152.6	98.0	
8271.5	96.9	
8392.1	95.7	
8514.4	94.5	
8638.6	93.6	
8764.5	92.8	
8892.3	92.0	
9021.9	91.2	
9153.5	90.5	
9286.9	90.0	
9422.3	89.6	
9559.7	89.4	
9699.1	89.3	
9840.5	89.5	
9983.9	89.8	
10129.5	90.3	
10277.2	91.0	
10427.0	91.6	
10579.0	92.2	
10733.3	92.5	
10889.7	92.6	
11048.5	92.5	
11209.6	92.2	
11373.0	91.8	
11538.8	91.4	
11707.1	90.9	
11877.7	90.2	
12050.9	89.4	
12226.6	88.5	
12404.9	87.9	
12585.7	87.4	
12769.2	87.0	
12955.4	86.7	
13144.3	86.7	
13335.9	86.8	
13530.3	87.3	
13727.6	88.0	
13927.7	89.1	
14130.8	90.3	
14336.8	91.9	
14545.8	93.5	
14757.9	95.2	
14973.0	96.5	
15191.3	97.1	
15412.8	97.1	
15637.5	96.4	
15865.5	95.3	
16096.8	93.9	
16331.5	92.6	
16569.6	92.0	
16811.2	92.5	
17056.3	93.2	
17304.9	93.1	
17557.2	92.1	
17813.2	91.0	
18072.9	90.2	
18336.4	89.6	
18603.7	88.5	
18875.0	87.7	
19150.1	87.1	
19429.3	85.7	
19712.6	83.6	
20000.0	80.9	
