Frequency	dB	Unweighted
19.5	97.7	
19.8	97.7	
20.1	97.7	
20.4	97.9	
20.7	98.0	
21.0	98.1	
21.3	98.2	
21.6	98.3	
21.9	98.4	
22.2	98.4	
22.5	98.6	
22.9	98.7	
23.2	98.9	
23.5	99.0	
23.9	99.1	
24.2	99.2	
24.6	99.3	
24.9	99.4	
25.3	99.5	
25.7	99.6	
26.0	99.6	
26.4	99.7	
26.8	99.8	
27.2	99.8	
27.6	99.9	
28.0	99.9	
28.4	100.0	
28.8	100.0	
29.2	100.1	
29.7	100.2	
30.1	100.3	
30.5	100.4	
31.0	100.5	
31.4	100.5	
31.9	100.5	
32.4	100.6	
32.8	100.6	
33.3	100.7	
33.8	100.8	
34.3	100.8	
34.8	100.8	
35.3	100.8	
35.8	100.8	
36.3	100.9	
36.9	101.1	
37.4	101.2	
37.9	101.2	
38.5	101.2	
39.1	101.2	
39.6	101.2	
40.2	101.2	
40.8	101.2	
41.4	101.2	
42.0	101.2	
42.6	101.2	
43.2	101.3	
43.9	101.3	
44.5	101.2	
45.1	101.2	
45.8	101.3	
46.5	101.3	
47.1	101.3	
47.8	101.6	
48.5	101.8	
49.2	101.5	
50.0	101.1	
50.7	101.1	
51.4	101.2	
52.2	101.1	
52.9	100.9	
53.7	101.0	
54.5	101.1	
55.3	101.0	
56.1	101.0	
56.9	101.0	
57.7	100.9	
58.6	101.3	
59.4	101.1	
60.3	101.1	
61.2	101.2	
62.1	100.5	
63.0	100.9	
63.9	101.5	
64.8	100.9	
65.8	100.6	
66.7	100.3	
67.7	101.2	
68.7	101.2	
69.7	99.7	
70.7	100.2	
71.7	100.4	
72.8	100.4	
73.8	100.0	
74.9	99.2	
76.0	100.2	
77.1	99.2	
78.3	98.8	
79.4	98.8	
80.5	99.8	
81.7	99.7	
82.9	99.3	
84.1	99.6	
85.4	99.5	
86.6	99.3	
87.9	99.5	
89.1	99.2	
90.4	99.1	
91.8	99.1	
93.1	99.0	
94.5	98.9	
95.8	98.7	
97.2	98.7	
98.6	98.5	
100.1	98.6	
101.5	98.4	
103.0	98.3	
104.5	98.2	
106.0	98.1	
107.6	97.9	
109.2	97.9	
110.8	97.8	
112.4	97.7	
114.0	97.7	
115.7	97.5	
117.4	97.4	
119.1	97.4	
120.8	97.3	
122.6	97.1	
124.3	97.0	
126.2	96.9	
128.0	97.0	
129.9	96.6	
131.8	96.7	
133.7	96.6	
135.6	95.8	
137.6	96.5	
139.6	95.9	
141.7	96.0	
143.7	96.2	
145.8	96.0	
147.9	96.2	
150.1	96.2	
152.3	96.2	
154.5	96.5	
156.8	96.2	
159.0	96.2	
161.4	96.2	
163.7	96.1	
166.1	96.2	
168.5	96.0	
171.0	95.9	
173.5	95.9	
176.0	95.9	
178.6	95.8	
181.2	95.7	
183.8	95.4	
186.5	95.6	
189.2	95.3	
192.0	95.1	
194.8	95.4	
197.6	95.4	
200.5	95.3	
203.4	94.9	
206.4	95.2	
209.4	95.2	
212.4	95.1	
215.5	95.1	
218.7	95.1	
221.9	95.1	
225.1	95.1	
228.4	95.0	
231.7	94.9	
235.1	94.9	
238.5	94.8	
242.0	94.8	
245.5	94.8	
249.1	94.7	
252.7	94.6	
256.4	94.7	
260.2	94.6	
263.9	94.5	
267.8	94.5	
271.7	94.7	
275.7	94.5	
279.7	94.4	
283.8	94.4	
287.9	94.3	
292.1	94.3	
296.3	94.3	
300.7	94.2	
305.1	94.2	
309.5	94.2	
314.0	94.2	
318.6	94.2	
323.2	94.1	
327.9	94.1	
332.7	94.1	
337.6	94.1	
342.5	94.2	
347.5	94.2	
352.6	94.0	
357.7	94.2	
362.9	94.2	
368.2	94.2	
373.6	94.2	
379.0	94.1	
384.5	94.1	
390.2	94.0	
395.8	94.0	
401.6	93.9	
407.5	93.9	
413.4	93.9	
419.4	93.9	
425.6	93.8	
431.8	93.8	
438.1	93.7	
444.4	93.7	
450.9	93.7	
457.5	93.6	
464.2	93.6	
470.9	93.6	
477.8	93.6	
484.8	93.5	
491.8	93.5	
499.0	93.4	
506.3	93.4	
513.7	93.3	
521.1	93.3	
528.7	93.3	
536.5	93.3	
544.3	93.2	
552.2	93.2	
560.3	93.1	
568.4	93.1	
576.7	93.0	
585.1	93.0	
593.7	93.0	
602.3	93.0	
611.1	92.9	
620.0	92.8	
629.0	92.8	
638.2	92.7	
647.5	92.7	
657.0	92.7	
666.5	92.6	
676.2	92.6	
686.1	92.6	
696.1	92.6	
706.3	92.5	
716.6	92.5	
727.0	92.4	
737.6	92.4	
748.4	92.4	
759.3	92.3	
770.3	92.3	
781.6	92.2	
793.0	92.2	
804.5	92.2	
816.3	92.2	
828.2	92.1	
840.2	92.1	
852.5	92.1	
864.9	92.1	
877.5	92.1	
890.3	92.1	
903.3	92.1	
916.5	92.1	
929.8	92.1	
943.4	92.2	
957.1	92.2	
971.1	92.2	
985.2	92.3	
999.6	92.4	
1014.2	92.4	
1029.0	92.5	
1044.0	92.6	
1059.2	92.7	
1074.6	92.7	
1090.3	92.8	
1106.2	92.9	
1122.3	93.0	
1138.7	93.1	
1155.3	93.2	
1172.1	93.3	
1189.2	93.4	
1206.6	93.5	
1224.1	93.6	
1242.0	93.7	
1260.1	93.8	
1278.5	93.9	
1297.1	94.0	
1316.0	94.1	
1335.2	94.2	
1354.7	94.2	
1374.4	94.3	
1394.5	94.4	
1414.8	94.5	
1435.4	94.5	
1456.3	94.6	
1477.6	94.7	
1499.1	94.8	
1521.0	94.8	
1543.1	94.9	
1565.6	95.0	
1588.5	95.1	
1611.6	95.1	
1635.1	95.2	
1659.0	95.3	
1683.2	95.4	
1707.7	95.5	
1732.6	95.6	
1757.8	95.7	
1783.5	95.8	
1809.5	95.9	
1835.9	96.0	
1862.6	96.1	
1889.8	96.2	
1917.3	96.4	
1945.3	96.5	
1973.6	96.6	
2002.4	96.7	
2031.6	96.9	
2061.2	97.0	
2091.3	97.2	
2121.8	97.4	
2152.7	97.5	
2184.1	97.7	
2215.9	97.9	
2248.2	98.0	
2281.0	98.2	
2314.3	98.4	
2348.0	98.6	
2382.3	98.8	
2417.0	99.0	
2452.2	99.2	
2488.0	99.4	
2524.2	99.6	
2561.0	99.8	
2598.4	100.0	
2636.3	100.2	
2674.7	100.3	
2713.7	100.5	
2753.3	100.6	
2793.4	100.8	
2834.1	100.9	
2875.4	101.0	
2917.4	101.0	
2959.9	101.0	
3003.1	101.0	
3046.8	101.0	
3091.3	100.9	
3136.3	100.8	
3182.1	100.7	
3228.4	100.6	
3275.5	100.5	
3323.3	100.3	
3371.7	100.2	
3420.9	100.0	
3470.8	99.9	
3521.4	99.7	
3572.7	99.5	
3624.8	99.4	
3677.6	99.2	
3731.2	99.1	
3785.6	98.9	
3840.8	98.8	
3896.8	98.6	
3953.6	98.5	
4011.3	98.4	
4069.8	98.3	
4129.1	98.2	
4189.3	98.0	
4250.4	97.9	
4312.3	97.8	
4375.2	97.7	
4439.0	97.6	
4503.7	97.4	
4569.4	97.3	
4636.0	97.1	
4703.6	96.9	
4772.2	96.8	
4841.7	96.6	
4912.3	96.4	
4984.0	96.3	
5056.6	96.2	
5130.3	96.1	
5205.1	95.9	
5281.0	95.8	
5358.0	95.7	
5436.1	95.6	
5515.4	95.4	
5595.8	95.3	
5677.4	95.2	
5760.1	95.0	
5844.1	94.9	
5929.3	94.7	
6015.8	94.6	
6103.5	94.5	
6192.5	94.4	
6282.7	94.3	
6374.3	94.3	
6467.3	94.3	
6561.6	94.4	
6657.2	94.6	
6754.3	94.8	
6852.8	95.1	
6952.7	95.5	
7054.0	95.9	
7156.9	96.5	
7261.2	97.2	
7367.1	97.9	
7474.5	98.5	
7583.5	98.9	
7694.0	98.9	
7806.2	98.3	
7920.0	97.2	
8035.5	95.8	
8152.6	94.3	
8271.5	92.9	
8392.1	91.7	
8514.4	90.8	
8638.6	90.0	
8764.5	89.4	
8892.3	88.8	
9021.9	88.2	
9153.5	87.6	
9286.9	87.3	
9422.3	87.0	
9559.7	86.9	
9699.1	87.0	
9840.5	87.3	
9983.9	87.8	
10129.5	88.4	
10277.2	89.1	
10427.0	89.8	
10579.0	90.4	
10733.3	90.7	
10889.7	90.9	
11048.5	90.8	
11209.6	90.5	
11373.0	90.2	
11538.8	89.8	
11707.1	89.4	
11877.7	88.8	
12050.9	88.0	
12226.6	87.2	
12404.9	86.7	
12585.7	86.3	
12769.2	85.9	
12955.4	85.7	
13144.3	85.7	
13335.9	86.1	
13530.3	86.6	
13727.6	87.5	
13927.7	88.6	
14130.8	90.1	
14336.8	91.9	
14545.8	94.0	
14757.9	96.2	
14973.0	97.9	
15191.3	98.6	
15412.8	98.3	
15637.5	97.3	
15865.5	95.7	
16096.8	93.9	
16331.5	92.4	
16569.6	92.0	
16811.2	92.3	
17056.3	92.5	
17304.9	91.7	
17557.2	90.4	
17813.2	89.3	
18072.9	88.5	
18336.4	87.7	
18603.7	86.1	
18875.0	85.1	
19150.1	84.5	
19429.3	83.3	
19712.6	81.5	
20000.0	79.1	
