Frequency	dB	Unweighted
19.5	98.9	
19.8	98.9	
20.1	98.9	
20.4	99.0	
20.7	99.1	
21.0	99.3	
21.3	99.4	
21.6	99.5	
21.9	99.6	
22.2	99.6	
22.5	99.7	
22.9	99.8	
23.2	99.9	
23.5	100.0	
23.9	100.1	
24.2	100.2	
24.6	100.3	
24.9	100.4	
25.3	100.5	
25.7	100.6	
26.0	100.6	
26.4	100.7	
26.8	100.8	
27.2	100.9	
27.6	100.9	
28.0	101.0	
28.4	101.0	
28.8	101.1	
29.2	101.2	
29.7	101.3	
30.1	101.4	
30.5	101.4	
31.0	101.5	
31.4	101.6	
31.9	101.6	
32.4	101.7	
32.8	101.7	
33.3	101.8	
33.8	101.8	
34.3	101.9	
34.8	101.9	
35.3	101.9	
35.8	102.0	
36.3	102.0	
36.9	102.0	
37.4	102.0	
37.9	102.0	
38.5	102.1	
39.1	102.1	
39.6	102.1	
40.2	102.1	
40.8	102.2	
41.4	102.2	
42.0	102.3	
42.6	102.2	
43.2	102.2	
43.9	102.2	
44.5	102.3	
45.1	102.3	
45.8	102.2	
46.5	102.2	
47.1	102.3	
47.8	102.2	
48.5	101.9	
49.2	101.8	
50.0	102.1	
50.7	102.4	
51.4	102.3	
52.2	102.3	
52.9	102.3	
53.7	102.2	
54.5	102.1	
55.3	102.0	
56.1	102.0	
56.9	102.0	
57.7	101.9	
58.6	101.8	
59.4	101.8	
60.3	101.8	
61.2	102.0	
62.1	102.0	
63.0	101.7	
63.9	101.6	
64.8	101.8	
65.8	101.6	
66.7	101.7	
67.7	101.8	
68.7	101.6	
69.7	101.5	
70.7	101.4	
71.7	101.3	
72.8	101.3	
73.8	101.2	
74.9	101.1	
76.0	101.2	
77.1	100.9	
78.3	100.9	
79.4	100.7	
80.5	100.8	
81.7	100.8	
82.9	100.7	
84.1	100.4	
85.4	100.3	
86.6	100.3	
87.9	100.3	
89.1	100.1	
90.4	100.0	
91.8	99.9	
93.1	99.9	
94.5	99.9	
95.8	99.7	
97.2	99.6	
98.6	99.4	
100.1	99.6	
101.5	99.3	
103.0	99.1	
104.5	99.0	
106.0	99.0	
107.6	99.0	
109.2	98.7	
110.8	98.7	
112.4	98.7	
114.0	98.4	
115.7	98.5	
117.4	98.3	
119.1	98.2	
120.8	98.1	
122.6	97.8	
124.3	98.2	
126.2	97.8	
128.0	97.7	
129.9	97.8	
131.8	97.9	
133.7	96.6	
135.6	97.3	
137.6	98.2	
139.6	95.8	
141.7	96.9	
143.7	96.5	
145.8	96.7	
147.9	95.9	
150.1	96.9	
152.3	96.8	
154.5	95.4	
156.8	97.7	
159.0	96.8	
161.4	97.3	
163.7	97.2	
166.1	97.5	
168.5	97.3	
171.0	97.2	
173.5	97.0	
176.0	97.0	
178.6	97.1	
181.2	97.0	
183.8	96.8	
186.5	96.7	
189.2	96.6	
192.0	96.5	
194.8	96.6	
197.6	96.4	
200.5	96.3	
203.4	96.4	
206.4	96.2	
209.4	96.2	
212.4	96.1	
215.5	96.1	
218.7	96.0	
221.9	95.9	
225.1	95.9	
228.4	95.8	
231.7	95.8	
235.1	95.7	
238.5	95.7	
242.0	95.7	
245.5	95.7	
249.1	95.5	
252.7	95.5	
256.4	95.6	
260.2	95.4	
263.9	95.5	
267.8	95.3	
271.7	95.5	
275.7	95.3	
279.7	95.3	
283.8	95.3	
287.9	95.2	
292.1	95.2	
296.3	95.2	
300.7	95.1	
305.1	95.1	
309.5	95.0	
314.0	94.9	
318.6	94.9	
323.2	94.9	
327.9	94.8	
332.7	94.8	
337.6	94.9	
342.5	94.8	
347.5	94.9	
352.6	94.9	
357.7	95.0	
362.9	94.9	
368.2	95.0	
373.6	94.9	
379.0	94.8	
384.5	94.8	
390.2	94.8	
395.8	94.8	
401.6	94.7	
407.5	94.7	
413.4	94.7	
419.4	94.6	
425.6	94.6	
431.8	94.6	
438.1	94.5	
444.4	94.5	
450.9	94.5	
457.5	94.4	
464.2	94.4	
470.9	94.4	
477.8	94.3	
484.8	94.3	
491.8	94.2	
499.0	94.2	
506.3	94.2	
513.7	94.1	
521.1	94.1	
528.7	94.0	
536.5	94.0	
544.3	94.0	
552.2	94.0	
560.3	93.9	
568.4	93.9	
576.7	93.9	
585.1	93.8	
593.7	93.8	
602.3	93.8	
611.1	93.7	
620.0	93.7	
629.0	93.7	
638.2	93.6	
647.5	93.6	
657.0	93.5	
666.5	93.5	
676.2	93.4	
686.1	93.4	
696.1	93.3	
706.3	93.3	
716.6	93.2	
727.0	93.2	
737.6	93.2	
748.4	93.1	
759.3	93.1	
770.3	93.1	
781.6	93.0	
793.0	93.0	
804.5	92.9	
816.3	92.9	
828.2	92.9	
840.2	92.9	
852.5	92.9	
864.9	92.9	
877.5	92.9	
890.3	92.9	
903.3	92.9	
916.5	92.9	
929.8	92.9	
943.4	93.0	
957.1	93.0	
971.1	93.1	
985.2	93.1	
999.6	93.2	
1014.2	93.2	
1029.0	93.3	
1044.0	93.4	
1059.2	93.5	
1074.6	93.6	
1090.3	93.7	
1106.2	93.8	
1122.3	93.9	
1138.7	94.0	
1155.3	94.1	
1172.1	94.2	
1189.2	94.3	
1206.6	94.4	
1224.1	94.5	
1242.0	94.6	
1260.1	94.7	
1278.5	94.8	
1297.1	94.9	
1316.0	94.9	
1335.2	95.1	
1354.7	95.1	
1374.4	95.2	
1394.5	95.3	
1414.8	95.4	
1435.4	95.5	
1456.3	95.6	
1477.6	95.6	
1499.1	95.7	
1521.0	95.8	
1543.1	95.9	
1565.6	96.0	
1588.5	96.0	
1611.6	96.1	
1635.1	96.2	
1659.0	96.3	
1683.2	96.4	
1707.7	96.5	
1732.6	96.6	
1757.8	96.7	
1783.5	96.8	
1809.5	96.9	
1835.9	97.1	
1862.6	97.2	
1889.8	97.3	
1917.3	97.4	
1945.3	97.6	
1973.6	97.7	
2002.4	97.9	
2031.6	98.0	
2061.2	98.2	
2091.3	98.3	
2121.8	98.5	
2152.7	98.7	
2184.1	98.9	
2215.9	99.0	
2248.2	99.2	
2281.0	99.4	
2314.3	99.6	
2348.0	99.8	
2382.3	100.0	
2417.0	100.2	
2452.2	100.5	
2488.0	100.7	
2524.2	100.9	
2561.0	101.1	
2598.4	101.3	
2636.3	101.5	
2674.7	101.7	
2713.7	101.8	
2753.3	102.0	
2793.4	102.1	
2834.1	102.2	
2875.4	102.3	
2917.4	102.3	
2959.9	102.3	
3003.1	102.3	
3046.8	102.2	
3091.3	102.1	
3136.3	102.0	
3182.1	101.9	
3228.4	101.7	
3275.5	101.6	
3323.3	101.4	
3371.7	101.2	
3420.9	101.0	
3470.8	100.8	
3521.4	100.7	
3572.7	100.5	
3624.8	100.3	
3677.6	100.2	
3731.2	100.0	
3785.6	99.9	
3840.8	99.7	
3896.8	99.6	
3953.6	99.5	
4011.3	99.4	
4069.8	99.3	
4129.1	99.2	
4189.3	99.1	
4250.4	99.0	
4312.3	98.9	
4375.2	98.8	
4439.0	98.7	
4503.7	98.6	
4569.4	98.6	
4636.0	98.4	
4703.6	98.3	
4772.2	98.2	
4841.7	98.1	
4912.3	98.0	
4984.0	97.9	
5056.6	97.8	
5130.3	97.7	
5205.1	97.6	
5281.0	97.5	
5358.0	97.4	
5436.1	97.3	
5515.4	97.2	
5595.8	97.0	
5677.4	96.8	
5760.1	96.6	
5844.1	96.4	
5929.3	96.2	
6015.8	96.0	
6103.5	95.8	
6192.5	95.7	
6282.7	95.5	
6374.3	95.4	
6467.3	95.4	
6561.6	95.4	
6657.2	95.4	
6754.3	95.6	
6852.8	95.8	
6952.7	96.1	
7054.0	96.5	
7156.9	97.0	
7261.2	97.7	
7367.1	98.3	
7474.5	99.1	
7583.5	99.7	
7694.0	100.1	
7806.2	100.1	
7920.0	99.4	
8035.5	98.3	
8152.6	97.0	
8271.5	95.7	
8392.1	94.6	
8514.4	93.5	
8638.6	92.6	
8764.5	91.8	
8892.3	91.2	
9021.9	90.6	
9153.5	90.2	
9286.9	89.9	
9422.3	89.8	
9559.7	89.9	
9699.1	90.2	
9840.5	90.5	
9983.9	90.9	
10129.5	91.3	
10277.2	91.5	
10427.0	91.7	
10579.0	91.7	
10733.3	91.7	
10889.7	91.5	
11048.5	91.3	
11209.6	91.1	
11373.0	90.8	
11538.8	90.6	
11707.1	90.2	
11877.7	89.7	
12050.9	89.1	
12226.6	88.5	
12404.9	87.9	
12585.7	87.4	
12769.2	86.9	
12955.4	86.7	
13144.3	86.5	
13335.9	86.8	
13530.3	87.2	
13727.6	87.9	
13927.7	89.0	
14130.8	90.4	
14336.8	92.1	
14545.8	94.1	
14757.9	96.2	
14973.0	98.1	
15191.3	99.1	
15412.8	99.1	
15637.5	98.4	
15865.5	97.3	
16096.8	96.1	
16331.5	94.9	
16569.6	93.9	
16811.2	92.7	
17056.3	91.1	
17304.9	89.5	
17557.2	88.3	
17813.2	87.4	
18072.9	87.0	
18336.4	86.6	
18603.7	85.2	
18875.0	84.2	
19150.1	83.8	
19429.3	82.9	
19712.6	81.4	
20000.0	79.5	
