Frequency	dB	Unweighted
19.5	97.8	
19.8	97.8	
20.1	97.9	
20.4	98.0	
20.7	98.2	
21.0	98.3	
21.3	98.4	
21.6	98.4	
21.9	98.5	
22.2	98.6	
22.5	98.8	
22.9	98.9	
23.2	99.0	
23.5	99.1	
23.9	99.2	
24.2	99.2	
24.6	99.3	
24.9	99.4	
25.3	99.6	
25.7	99.7	
26.0	99.7	
26.4	99.8	
26.8	99.8	
27.2	99.9	
27.6	100.0	
28.0	100.1	
28.4	100.2	
28.8	100.3	
29.2	100.4	
29.7	100.5	
30.1	100.5	
30.5	100.6	
31.0	100.6	
31.4	100.7	
31.9	100.8	
32.4	100.8	
32.8	100.9	
33.3	101.0	
33.8	101.1	
34.3	101.1	
34.8	101.2	
35.3	101.2	
35.8	101.3	
36.3	101.3	
36.9	101.4	
37.4	101.4	
37.9	101.5	
38.5	101.5	
39.1	101.6	
39.6	101.6	
40.2	101.6	
40.8	101.6	
41.4	101.7	
42.0	101.7	
42.6	101.7	
43.2	101.7	
43.9	101.8	
44.5	101.8	
45.1	101.9	
45.8	101.9	
46.5	101.9	
47.1	101.9	
47.8	101.9	
48.5	101.9	
49.2	101.9	
50.0	102.0	
50.7	102.0	
51.4	102.0	
52.2	102.0	
52.9	102.0	
53.7	102.0	
54.5	102.0	
55.3	102.1	
56.1	102.0	
56.9	101.8	
57.7	101.8	
58.6	101.9	
59.4	101.7	
60.3	102.1	
61.2	102.5	
62.1	102.0	
63.0	101.5	
63.9	101.8	
64.8	101.5	
65.8	101.6	
66.7	101.5	
67.7	100.7	
68.7	101.1	
69.7	101.7	
70.7	101.6	
71.7	101.7	
72.8	101.6	
73.8	101.6	
74.9	101.6	
76.0	101.5	
77.1	101.4	
78.3	101.3	
79.4	101.5	
80.5	101.3	
81.7	101.3	
82.9	101.2	
84.1	101.1	
85.4	101.1	
86.6	101.0	
87.9	100.9	
89.1	100.5	
90.4	100.9	
91.8	100.7	
93.1	100.7	
94.5	100.7	
95.8	100.7	
97.2	100.6	
98.6	100.5	
100.1	100.4	
101.5	100.4	
103.0	100.3	
104.5	100.2	
106.0	100.1	
107.6	100.1	
109.2	100.0	
110.8	99.9	
112.4	99.8	
114.0	99.7	
115.7	99.6	
117.4	99.7	
119.1	99.4	
120.8	99.4	
122.6	99.3	
124.3	99.1	
126.2	99.1	
128.0	98.9	
129.9	99.0	
131.8	98.7	
133.7	98.4	
135.6	98.9	
137.6	98.3	
139.6	98.2	
141.7	98.2	
143.7	98.4	
145.8	98.3	
147.9	98.4	
150.1	98.4	
152.3	98.3	
154.5	98.0	
156.8	98.2	
159.0	98.1	
161.4	98.1	
163.7	98.2	
166.1	98.0	
168.5	97.9	
171.0	97.8	
173.5	97.6	
176.0	97.6	
178.6	97.5	
181.2	97.4	
183.8	97.3	
186.5	97.2	
189.2	97.1	
192.0	97.0	
194.8	96.8	
197.6	96.7	
200.5	96.7	
203.4	96.6	
206.4	96.5	
209.4	96.4	
212.4	96.3	
215.5	96.2	
218.7	96.2	
221.9	96.0	
225.1	96.0	
228.4	95.9	
231.7	95.7	
235.1	95.6	
238.5	95.6	
242.0	95.5	
245.5	95.4	
249.1	95.4	
252.7	95.2	
256.4	95.1	
260.2	95.1	
263.9	95.1	
267.8	95.0	
271.7	94.8	
275.7	94.8	
279.7	94.7	
283.8	94.7	
287.9	94.5	
292.1	94.4	
296.3	94.4	
300.7	94.3	
305.1	94.2	
309.5	94.2	
314.0	94.1	
318.6	94.0	
323.2	93.9	
327.9	93.9	
332.7	93.8	
337.6	93.8	
342.5	93.7	
347.5	93.6	
352.6	93.5	
357.7	93.5	
362.9	93.5	
368.2	93.3	
373.6	93.3	
379.0	93.2	
384.5	93.2	
390.2	93.1	
395.8	93.1	
401.6	93.1	
407.5	92.8	
413.4	92.9	
419.4	92.8	
425.6	92.8	
431.8	92.7	
438.1	92.7	
444.4	92.6	
450.9	92.6	
457.5	92.6	
464.2	92.5	
470.9	92.5	
477.8	92.3	
484.8	92.3	
491.8	92.3	
499.0	92.3	
506.3	92.2	
513.7	92.2	
521.1	92.2	
528.7	92.1	
536.5	92.1	
544.3	92.1	
552.2	92.1	
560.3	92.0	
568.4	91.9	
576.7	91.9	
585.1	91.9	
593.7	92.0	
602.3	91.9	
611.1	91.9	
620.0	91.9	
629.0	91.8	
638.2	91.8	
647.5	91.7	
657.0	91.8	
666.5	91.7	
676.2	91.7	
686.1	91.7	
696.1	91.8	
706.3	91.8	
716.6	91.7	
727.0	91.7	
737.6	91.7	
748.4	91.8	
759.3	91.8	
770.3	91.8	
781.6	91.8	
793.0	91.8	
804.5	91.9	
816.3	91.8	
828.2	91.9	
840.2	91.9	
852.5	91.9	
864.9	91.9	
877.5	91.9	
890.3	91.9	
903.3	91.9	
916.5	91.9	
929.8	92.0	
943.4	92.0	
957.1	92.0	
971.1	92.2	
985.2	92.2	
999.6	92.3	
1014.2	92.4	
1029.0	92.5	
1044.0	92.7	
1059.2	92.8	
1074.6	92.9	
1090.3	93.0	
1106.2	93.2	
1122.3	93.3	
1138.7	93.4	
1155.3	93.6	
1172.1	93.7	
1189.2	93.8	
1206.6	94.0	
1224.1	94.1	
1242.0	94.2	
1260.1	94.3	
1278.5	94.4	
1297.1	94.6	
1316.0	94.7	
1335.2	94.8	
1354.7	94.9	
1374.4	95.0	
1394.5	95.1	
1414.8	95.3	
1435.4	95.3	
1456.3	95.5	
1477.6	95.6	
1499.1	95.7	
1521.0	95.8	
1543.1	95.9	
1565.6	96.0	
1588.5	96.2	
1611.6	96.3	
1635.1	96.4	
1659.0	96.5	
1683.2	96.7	
1707.7	96.8	
1732.6	96.9	
1757.8	97.1	
1783.5	97.2	
1809.5	97.3	
1835.9	97.5	
1862.6	97.6	
1889.8	97.8	
1917.3	97.9	
1945.3	98.1	
1973.6	98.2	
2002.4	98.4	
2031.6	98.6	
2061.2	98.7	
2091.3	98.9	
2121.8	99.1	
2152.7	99.3	
2184.1	99.4	
2215.9	99.6	
2248.2	99.8	
2281.0	100.0	
2314.3	100.2	
2348.0	100.4	
2382.3	100.6	
2417.0	100.8	
2452.2	101.0	
2488.0	101.2	
2524.2	101.4	
2561.0	101.6	
2598.4	101.8	
2636.3	101.9	
2674.7	102.1	
2713.7	102.3	
2753.3	102.4	
2793.4	102.6	
2834.1	102.7	
2875.4	102.8	
2917.4	102.9	
2959.9	103.0	
3003.1	103.0	
3046.8	103.1	
3091.3	103.1	
3136.3	103.1	
3182.1	103.1	
3228.4	103.1	
3275.5	103.1	
3323.3	103.0	
3371.7	102.9	
3420.9	102.9	
3470.8	102.8	
3521.4	102.7	
3572.7	102.6	
3624.8	102.5	
3677.6	102.4	
3731.2	102.3	
3785.6	102.2	
3840.8	102.1	
3896.8	102.0	
3953.6	101.9	
4011.3	101.8	
4069.8	101.7	
4129.1	101.6	
4189.3	101.5	
4250.4	101.4	
4312.3	101.3	
4375.2	101.2	
4439.0	101.1	
4503.7	101.0	
4569.4	100.8	
4636.0	100.7	
4703.6	100.5	
4772.2	100.4	
4841.7	100.2	
4912.3	100.1	
4984.0	99.9	
5056.6	99.7	
5130.3	99.5	
5205.1	99.3	
5281.0	99.0	
5358.0	98.8	
5436.1	98.5	
5515.4	98.2	
5595.8	98.0	
5677.4	97.7	
5760.1	97.4	
5844.1	97.2	
5929.3	97.0	
6015.8	96.8	
6103.5	96.6	
6192.5	96.4	
6282.7	96.3	
6374.3	96.2	
6467.3	96.1	
6561.6	96.1	
6657.2	96.2	
6754.3	96.3	
6852.8	96.5	
6952.7	96.7	
7054.0	96.9	
7156.9	97.2	
7261.2	97.6	
7367.1	98.0	
7474.5	98.4	
7583.5	98.8	
7694.0	99.3	
7806.2	99.8	
7920.0	100.4	
8035.5	101.0	
8152.6	101.5	
8271.5	101.8	
8392.1	101.8	
8514.4	101.5	
8638.6	100.7	
8764.5	99.6	
8892.3	98.3	
9021.9	97.0	
9153.5	95.8	
9286.9	94.6	
9422.3	93.4	
9559.7	92.4	
9699.1	91.5	
9840.5	90.7	
9983.9	90.1	
10129.5	89.5	
10277.2	89.1	
10427.0	88.7	
10579.0	88.4	
10733.3	88.2	
10889.7	88.1	
11048.5	88.0	
11209.6	88.1	
11373.0	88.3	
11538.8	88.6	
11707.1	89.0	
11877.7	89.5	
12050.9	90.3	
12226.6	91.2	
12404.9	92.3	
12585.7	93.2	
12769.2	91.3	
12955.4	90.2	
13144.3	93.6	
13335.9	95.7	
13530.3	96.3	
13727.6	95.6	
13927.7	94.4	
14130.8	93.1	
14336.8	92.0	
14545.8	91.2	
14757.9	90.6	
14973.0	90.3	
15191.3	90.2	
15412.8	90.5	
15637.5	90.9	
15865.5	91.5	
16096.8	92.2	
16331.5	92.7	
16569.6	92.4	
16811.2	91.4	
17056.3	89.9	
17304.9	88.3	
17557.2	86.7	
17813.2	85.2	
18072.9	83.7	
18336.4	82.2	
18603.7	80.8	
18875.0	79.5	
19150.1	78.5	
19429.3	77.6	
19712.6	76.5	
20000.0	74.9	
