Frequency	dB	Unweighted
19.5	98.1	
19.8	98.1	
20.1	98.1	
20.4	98.2	
20.7	98.2	
21.0	98.1	
21.3	98.1	
21.6	98.2	
21.9	98.4	
22.2	98.6	
22.5	98.8	
22.9	98.9	
23.2	99.1	
23.5	99.2	
23.9	99.2	
24.2	99.3	
24.6	99.4	
24.9	99.5	
25.3	99.5	
25.7	99.6	
26.0	99.7	
26.4	99.8	
26.8	99.9	
27.2	100.1	
27.6	100.2	
28.0	100.3	
28.4	100.3	
28.8	100.4	
29.2	100.4	
29.7	100.5	
30.1	100.6	
30.5	100.7	
31.0	100.7	
31.4	100.8	
31.9	100.8	
32.4	100.9	
32.8	101.0	
33.3	101.0	
33.8	101.1	
34.3	101.2	
34.8	101.3	
35.3	101.3	
35.8	101.4	
36.3	101.4	
36.9	101.4	
37.4	101.5	
37.9	101.5	
38.5	101.6	
39.1	101.6	
39.6	101.7	
40.2	101.7	
40.8	101.7	
41.4	101.7	
42.0	101.8	
42.6	101.8	
43.2	101.9	
43.9	101.9	
44.5	101.9	
45.1	101.9	
45.8	102.0	
46.5	102.0	
47.1	102.0	
47.8	101.9	
48.5	101.8	
49.2	101.9	
50.0	102.0	
50.7	102.2	
51.4	102.1	
52.2	102.0	
52.9	102.1	
53.7	102.1	
54.5	102.1	
55.3	102.1	
56.1	102.1	
56.9	102.2	
57.7	102.5	
58.6	102.3	
59.4	101.7	
60.3	101.5	
61.2	101.6	
62.1	101.9	
63.0	102.1	
63.9	101.9	
64.8	101.7	
65.8	102.0	
66.7	101.9	
67.7	101.9	
68.7	101.9	
69.7	101.9	
70.7	101.8	
71.7	101.7	
72.8	101.8	
73.8	101.8	
74.9	101.5	
76.0	101.5	
77.1	101.6	
78.3	101.5	
79.4	101.5	
80.5	101.4	
81.7	101.5	
82.9	101.4	
84.1	101.4	
85.4	101.3	
86.6	101.4	
87.9	101.1	
89.1	101.2	
90.4	101.1	
91.8	101.1	
93.1	101.0	
94.5	100.9	
95.8	100.9	
97.2	100.8	
98.6	100.8	
100.1	100.8	
101.5	100.6	
103.0	100.5	
104.5	100.5	
106.0	100.4	
107.6	100.3	
109.2	100.2	
110.8	100.2	
112.4	100.0	
114.0	100.0	
115.7	99.9	
117.4	99.9	
119.1	99.4	
120.8	99.6	
122.6	99.5	
124.3	99.5	
126.2	99.2	
128.0	99.2	
129.9	99.0	
131.8	99.0	
133.7	99.0	
135.6	98.7	
137.6	98.7	
139.6	98.7	
141.7	98.6	
143.7	98.7	
145.8	98.7	
147.9	98.6	
150.1	98.5	
152.3	98.7	
154.5	98.5	
156.8	98.6	
159.0	98.7	
161.4	98.5	
163.7	98.2	
166.1	98.3	
168.5	98.2	
171.0	98.1	
173.5	98.2	
176.0	97.9	
178.6	97.7	
181.2	97.5	
183.8	97.6	
186.5	97.5	
189.2	97.5	
192.0	97.4	
194.8	97.1	
197.6	97.0	
200.5	97.0	
203.4	96.9	
206.4	96.8	
209.4	96.8	
212.4	96.6	
215.5	96.5	
218.7	96.5	
221.9	96.4	
225.1	96.3	
228.4	96.2	
231.7	96.1	
235.1	96.0	
238.5	95.9	
242.0	95.8	
245.5	95.7	
249.1	95.7	
252.7	95.5	
256.4	95.5	
260.2	95.4	
263.9	95.3	
267.8	95.3	
271.7	95.2	
275.7	95.1	
279.7	95.0	
283.8	94.9	
287.9	94.9	
292.1	94.8	
296.3	94.7	
300.7	94.7	
305.1	94.6	
309.5	94.5	
314.0	94.4	
318.6	94.3	
323.2	94.3	
327.9	94.2	
332.7	94.2	
337.6	94.1	
342.5	94.0	
347.5	93.9	
352.6	93.9	
357.7	93.8	
362.9	93.7	
368.2	93.7	
373.6	93.6	
379.0	93.5	
384.5	93.5	
390.2	93.4	
395.8	93.4	
401.6	93.4	
407.5	93.3	
413.4	93.3	
419.4	93.2	
425.6	93.2	
431.8	93.0	
438.1	93.0	
444.4	93.0	
450.9	92.9	
457.5	92.9	
464.2	92.8	
470.9	92.8	
477.8	92.8	
484.8	92.7	
491.8	92.7	
499.0	92.6	
506.3	92.6	
513.7	92.6	
521.1	92.6	
528.7	92.5	
536.5	92.4	
544.3	92.4	
552.2	92.4	
560.3	92.3	
568.4	92.3	
576.7	92.3	
585.1	92.3	
593.7	92.2	
602.3	92.2	
611.1	92.2	
620.0	92.1	
629.0	92.1	
638.2	92.1	
647.5	92.1	
657.0	92.1	
666.5	92.1	
676.2	92.1	
686.1	92.1	
696.1	92.1	
706.3	92.1	
716.6	92.1	
727.0	92.1	
737.6	92.1	
748.4	92.1	
759.3	92.1	
770.3	92.1	
781.6	92.1	
793.0	92.2	
804.5	92.2	
816.3	92.1	
828.2	92.2	
840.2	92.3	
852.5	92.3	
864.9	92.3	
877.5	92.3	
890.3	92.3	
903.3	92.4	
916.5	92.4	
929.8	92.5	
943.4	92.6	
957.1	92.7	
971.1	92.7	
985.2	92.8	
999.6	92.9	
1014.2	93.0	
1029.0	93.2	
1044.0	93.3	
1059.2	93.4	
1074.6	93.5	
1090.3	93.6	
1106.2	93.7	
1122.3	93.9	
1138.7	94.0	
1155.3	94.2	
1172.1	94.3	
1189.2	94.4	
1206.6	94.5	
1224.1	94.7	
1242.0	94.8	
1260.1	94.9	
1278.5	95.0	
1297.1	95.2	
1316.0	95.3	
1335.2	95.4	
1354.7	95.5	
1374.4	95.6	
1394.5	95.7	
1414.8	95.8	
1435.4	96.0	
1456.3	96.1	
1477.6	96.2	
1499.1	96.3	
1521.0	96.4	
1543.1	96.5	
1565.6	96.6	
1588.5	96.8	
1611.6	96.9	
1635.1	97.0	
1659.0	97.1	
1683.2	97.2	
1707.7	97.4	
1732.6	97.5	
1757.8	97.6	
1783.5	97.8	
1809.5	97.9	
1835.9	98.0	
1862.6	98.2	
1889.8	98.3	
1917.3	98.5	
1945.3	98.6	
1973.6	98.8	
2002.4	99.0	
2031.6	99.1	
2061.2	99.3	
2091.3	99.5	
2121.8	99.6	
2152.7	99.8	
2184.1	100.0	
2215.9	100.2	
2248.2	100.4	
2281.0	100.5	
2314.3	100.7	
2348.0	100.9	
2382.3	101.1	
2417.0	101.3	
2452.2	101.5	
2488.0	101.7	
2524.2	101.9	
2561.0	102.1	
2598.4	102.2	
2636.3	102.4	
2674.7	102.6	
2713.7	102.7	
2753.3	102.9	
2793.4	103.0	
2834.1	103.1	
2875.4	103.2	
2917.4	103.3	
2959.9	103.4	
3003.1	103.4	
3046.8	103.5	
3091.3	103.5	
3136.3	103.5	
3182.1	103.5	
3228.4	103.4	
3275.5	103.4	
3323.3	103.3	
3371.7	103.3	
3420.9	103.2	
3470.8	103.1	
3521.4	103.0	
3572.7	102.9	
3624.8	102.8	
3677.6	102.7	
3731.2	102.6	
3785.6	102.5	
3840.8	102.4	
3896.8	102.4	
3953.6	102.3	
4011.3	102.2	
4069.8	102.1	
4129.1	102.0	
4189.3	101.9	
4250.4	101.7	
4312.3	101.6	
4375.2	101.5	
4439.0	101.4	
4503.7	101.3	
4569.4	101.1	
4636.0	101.0	
4703.6	100.8	
4772.2	100.7	
4841.7	100.5	
4912.3	100.3	
4984.0	100.1	
5056.6	99.9	
5130.3	99.7	
5205.1	99.5	
5281.0	99.3	
5358.0	99.1	
5436.1	98.8	
5515.4	98.6	
5595.8	98.3	
5677.4	98.0	
5760.1	97.8	
5844.1	97.5	
5929.3	97.3	
6015.8	97.1	
6103.5	96.9	
6192.5	96.7	
6282.7	96.6	
6374.3	96.4	
6467.3	96.3	
6561.6	96.2	
6657.2	96.1	
6754.3	96.1	
6852.8	96.0	
6952.7	96.0	
7054.0	96.1	
7156.9	96.2	
7261.2	96.4	
7367.1	96.7	
7474.5	97.0	
7583.5	97.4	
7694.0	97.9	
7806.2	98.4	
7920.0	99.0	
8035.5	99.7	
8152.6	100.5	
8271.5	101.3	
8392.1	101.9	
8514.4	102.2	
8638.6	102.0	
8764.5	101.4	
8892.3	100.3	
9021.9	99.1	
9153.5	97.9	
9286.9	96.7	
9422.3	95.6	
9559.7	94.6	
9699.1	93.6	
9840.5	92.8	
9983.9	92.1	
10129.5	91.5	
10277.2	90.9	
10427.0	90.5	
10579.0	90.2	
10733.3	89.9	
10889.7	89.7	
11048.5	89.6	
11209.6	89.7	
11373.0	89.8	
11538.8	90.1	
11707.1	90.6	
11877.7	91.1	
12050.9	88.7	
12226.6	87.2	
12404.9	89.6	
12585.7	91.1	
12769.2	92.4	
12955.4	93.5	
13144.3	94.3	
13335.9	94.7	
13530.3	94.4	
13727.6	93.6	
13927.7	92.6	
14130.8	91.6	
14336.8	90.7	
14545.8	90.0	
14757.9	89.4	
14973.0	88.9	
15191.3	88.6	
15412.8	88.5	
15637.5	88.5	
15865.5	88.6	
16096.8	88.9	
16331.5	89.3	
16569.6	89.5	
16811.2	89.5	
17056.3	88.9	
17304.9	87.8	
17557.2	86.5	
17813.2	85.2	
18072.9	83.9	
18336.4	82.9	
18603.7	82.4	
18875.0	81.9	
19150.1	81.7	
19429.3	81.4	
19712.6	80.3	
20000.0	78.0	
