Frequency	dB	Unweighted
19.5	96.6	
19.8	96.6	
20.1	96.7	
20.4	96.9	
20.7	97.1	
21.0	97.1	
21.3	97.1	
21.6	97.1	
21.9	97.1	
22.2	97.2	
22.5	97.3	
22.9	97.5	
23.2	97.7	
23.5	97.9	
23.9	97.9	
24.2	98.0	
24.6	98.1	
24.9	98.2	
25.3	98.3	
25.7	98.5	
26.0	98.6	
26.4	98.7	
26.8	98.8	
27.2	98.8	
27.6	98.9	
28.0	99.0	
28.4	99.1	
28.8	99.2	
29.2	99.4	
29.7	99.5	
30.1	99.6	
30.5	99.7	
31.0	99.7	
31.4	99.8	
31.9	99.8	
32.4	99.9	
32.8	100.0	
33.3	100.2	
33.8	100.3	
34.3	100.4	
34.8	100.4	
35.3	100.4	
35.8	100.5	
36.3	100.5	
36.9	100.6	
37.4	100.7	
37.9	100.7	
38.5	100.8	
39.1	100.9	
39.6	101.0	
40.2	101.0	
40.8	101.1	
41.4	101.1	
42.0	101.2	
42.6	101.2	
43.2	101.3	
43.9	101.3	
44.5	101.4	
45.1	101.4	
45.8	101.4	
46.5	101.5	
47.1	101.5	
47.8	101.6	
48.5	101.6	
49.2	101.6	
50.0	101.7	
50.7	101.8	
51.4	101.8	
52.2	101.7	
52.9	101.7	
53.7	101.7	
54.5	101.7	
55.3	101.8	
56.1	101.9	
56.9	101.9	
57.7	101.9	
58.6	101.9	
59.4	102.1	
60.3	102.4	
61.2	102.1	
62.1	101.9	
63.0	102.4	
63.9	102.4	
64.8	101.9	
65.8	101.8	
66.7	101.6	
67.7	101.7	
68.7	102.0	
69.7	102.2	
70.7	102.1	
71.7	101.8	
72.8	101.9	
73.8	101.6	
74.9	101.8	
76.0	102.0	
77.1	102.0	
78.3	101.8	
79.4	101.8	
80.5	101.7	
81.7	101.8	
82.9	101.6	
84.1	101.6	
85.4	101.6	
86.6	101.8	
87.9	101.5	
89.1	101.3	
90.4	101.5	
91.8	101.6	
93.1	101.5	
94.5	101.4	
95.8	101.4	
97.2	101.3	
98.6	101.3	
100.1	101.4	
101.5	101.1	
103.0	101.1	
104.5	100.9	
106.0	101.0	
107.6	101.0	
109.2	100.8	
110.8	100.8	
112.4	100.8	
114.0	100.9	
115.7	100.4	
117.4	100.6	
119.1	100.5	
120.8	100.3	
122.6	100.4	
124.3	100.0	
126.2	99.9	
128.0	100.1	
129.9	100.0	
131.8	100.1	
133.7	100.0	
135.6	99.9	
137.6	99.8	
139.6	99.7	
141.7	99.7	
143.7	99.7	
145.8	99.7	
147.9	99.6	
150.1	99.5	
152.3	99.5	
154.5	99.3	
156.8	99.3	
159.0	99.2	
161.4	99.0	
163.7	99.0	
166.1	98.9	
168.5	98.8	
171.0	98.7	
173.5	98.6	
176.0	98.5	
178.6	98.5	
181.2	98.4	
183.8	98.3	
186.5	98.3	
189.2	98.3	
192.0	98.2	
194.8	98.1	
197.6	97.9	
200.5	97.9	
203.4	97.6	
206.4	97.7	
209.4	97.6	
212.4	97.4	
215.5	97.3	
218.7	97.3	
221.9	97.2	
225.1	97.1	
228.4	97.0	
231.7	96.9	
235.1	96.9	
238.5	96.7	
242.0	96.7	
245.5	96.5	
249.1	96.5	
252.7	96.5	
256.4	96.3	
260.2	96.1	
263.9	96.0	
267.8	96.0	
271.7	95.9	
275.7	95.8	
279.7	95.7	
283.8	95.6	
287.9	95.6	
292.1	95.4	
296.3	95.4	
300.7	95.3	
305.1	95.2	
309.5	95.1	
314.0	95.1	
318.6	95.1	
323.2	94.9	
327.9	94.8	
332.7	94.7	
337.6	94.7	
342.5	94.6	
347.5	94.5	
352.6	94.4	
357.7	94.4	
362.9	94.3	
368.2	94.1	
373.6	94.1	
379.0	94.0	
384.5	94.0	
390.2	93.9	
395.8	93.9	
401.6	93.8	
407.5	93.7	
413.4	93.6	
419.4	93.4	
425.6	93.6	
431.8	93.5	
438.1	93.3	
444.4	93.3	
450.9	93.2	
457.5	93.2	
464.2	93.1	
470.9	93.0	
477.8	93.1	
484.8	93.0	
491.8	92.9	
499.0	92.9	
506.3	92.8	
513.7	92.7	
521.1	92.8	
528.7	92.7	
536.5	92.6	
544.3	92.5	
552.2	92.5	
560.3	92.4	
568.4	92.4	
576.7	92.3	
585.1	92.3	
593.7	92.1	
602.3	92.2	
611.1	92.1	
620.0	92.0	
629.0	92.1	
638.2	92.0	
647.5	91.9	
657.0	92.1	
666.5	92.0	
676.2	91.9	
686.1	91.9	
696.1	91.9	
706.3	91.9	
716.6	91.9	
727.0	91.9	
737.6	91.9	
748.4	91.9	
759.3	91.9	
770.3	91.9	
781.6	91.9	
793.0	91.9	
804.5	91.9	
816.3	92.0	
828.2	92.0	
840.2	92.0	
852.5	92.1	
864.9	92.1	
877.5	92.2	
890.3	92.2	
903.3	92.3	
916.5	92.3	
929.8	92.4	
943.4	92.5	
957.1	92.6	
971.1	92.7	
985.2	92.8	
999.6	92.9	
1014.2	93.0	
1029.0	93.1	
1044.0	93.2	
1059.2	93.4	
1074.6	93.4	
1090.3	93.6	
1106.2	93.7	
1122.3	93.9	
1138.7	94.0	
1155.3	94.1	
1172.1	94.3	
1189.2	94.4	
1206.6	94.5	
1224.1	94.6	
1242.0	94.7	
1260.1	94.9	
1278.5	95.0	
1297.1	95.1	
1316.0	95.2	
1335.2	95.3	
1354.7	95.5	
1374.4	95.6	
1394.5	95.7	
1414.8	95.8	
1435.4	95.8	
1456.3	96.0	
1477.6	96.1	
1499.1	96.2	
1521.0	96.3	
1543.1	96.4	
1565.6	96.5	
1588.5	96.6	
1611.6	96.7	
1635.1	96.8	
1659.0	96.9	
1683.2	97.0	
1707.7	97.1	
1732.6	97.2	
1757.8	97.3	
1783.5	97.4	
1809.5	97.6	
1835.9	97.7	
1862.6	97.8	
1889.8	97.9	
1917.3	98.1	
1945.3	98.2	
1973.6	98.3	
2002.4	98.4	
2031.6	98.6	
2061.2	98.7	
2091.3	98.8	
2121.8	99.0	
2152.7	99.1	
2184.1	99.2	
2215.9	99.4	
2248.2	99.5	
2281.0	99.6	
2314.3	99.8	
2348.0	99.9	
2382.3	100.1	
2417.0	100.2	
2452.2	100.3	
2488.0	100.5	
2524.2	100.6	
2561.0	100.7	
2598.4	100.8	
2636.3	100.9	
2674.7	101.0	
2713.7	101.1	
2753.3	101.2	
2793.4	101.2	
2834.1	101.3	
2875.4	101.3	
2917.4	101.3	
2959.9	101.3	
3003.1	101.2	
3046.8	101.2	
3091.3	101.2	
3136.3	101.1	
3182.1	101.1	
3228.4	101.1	
3275.5	101.0	
3323.3	100.9	
3371.7	100.8	
3420.9	100.7	
3470.8	100.6	
3521.4	100.5	
3572.7	100.3	
3624.8	100.1	
3677.6	100.0	
3731.2	99.8	
3785.6	99.6	
3840.8	99.4	
3896.8	99.2	
3953.6	99.0	
4011.3	98.9	
4069.8	98.7	
4129.1	98.5	
4189.3	98.3	
4250.4	98.1	
4312.3	97.9	
4375.2	97.8	
4439.0	97.7	
4503.7	97.6	
4569.4	97.4	
4636.0	97.3	
4703.6	97.1	
4772.2	96.9	
4841.7	96.6	
4912.3	96.2	
4984.0	95.7	
5056.6	95.3	
5130.3	94.9	
5205.1	94.7	
5281.0	94.6	
5358.0	94.5	
5436.1	94.5	
5515.4	94.5	
5595.8	94.5	
5677.4	94.6	
5760.1	94.6	
5844.1	94.6	
5929.3	94.7	
6015.8	94.7	
6103.5	94.7	
6192.5	94.7	
6282.7	94.6	
6374.3	94.7	
6467.3	94.7	
6561.6	94.9	
6657.2	95.1	
6754.3	95.4	
6852.8	95.7	
6952.7	96.0	
7054.0	96.4	
7156.9	96.7	
7261.2	97.1	
7367.1	97.5	
7474.5	97.9	
7583.5	98.3	
7694.0	98.7	
7806.2	99.2	
7920.0	99.7	
8035.5	100.1	
8152.6	100.1	
8271.5	99.6	
8392.1	98.7	
8514.4	97.6	
8638.6	96.4	
8764.5	95.3	
8892.3	94.2	
9021.9	93.3	
9153.5	92.5	
9286.9	91.8	
9422.3	91.2	
9559.7	90.7	
9699.1	90.3	
9840.5	90.0	
9983.9	89.8	
10129.5	89.7	
10277.2	89.6	
10427.0	89.7	
10579.0	89.9	
10733.3	90.2	
10889.7	90.6	
11048.5	91.2	
11209.6	91.9	
11373.0	92.7	
11538.8	93.0	
11707.1	91.3	
11877.7	89.8	
12050.9	92.4	
12226.6	95.5	
12404.9	97.9	
12585.7	98.7	
12769.2	97.6	
12955.4	95.6	
13144.3	93.7	
13335.9	92.0	
13530.3	90.7	
13727.6	89.6	
13927.7	88.6	
14130.8	87.8	
14336.8	87.1	
14545.8	86.5	
14757.9	86.0	
14973.0	85.5	
15191.3	85.2	
15412.8	84.8	
15637.5	84.7	
15865.5	84.6	
16096.8	84.7	
16331.5	85.0	
16569.6	85.5	
16811.2	86.2	
17056.3	86.8	
17304.9	86.4	
17557.2	84.2	
17813.2	81.0	
18072.9	77.7	
18336.4	74.6	
18603.7	71.6	
18875.0	68.6	
19150.1	65.9	
19429.3	63.1	
19712.6	59.6	
20000.0	58.4	
