Frequency	dB	Unweighted
19.5	96.8	
19.8	96.8	
20.1	96.8	
20.4	97.0	
20.7	97.1	
21.0	97.2	
21.3	97.3	
21.6	97.4	
21.9	97.5	
22.2	97.7	
22.5	97.8	
22.9	98.0	
23.2	98.1	
23.5	98.2	
23.9	98.2	
24.2	98.2	
24.6	98.3	
24.9	98.5	
25.3	98.6	
25.7	98.7	
26.0	98.8	
26.4	98.9	
26.8	98.9	
27.2	99.0	
27.6	99.1	
28.0	99.3	
28.4	99.5	
28.8	99.6	
29.2	99.7	
29.7	99.7	
30.1	99.8	
30.5	99.8	
31.0	99.9	
31.4	100.0	
31.9	100.1	
32.4	100.2	
32.8	100.2	
33.3	100.3	
33.8	100.4	
34.3	100.4	
34.8	100.6	
35.3	100.7	
35.8	100.7	
36.3	100.8	
36.9	100.8	
37.4	100.8	
37.9	100.9	
38.5	101.0	
39.1	101.0	
39.6	101.1	
40.2	101.2	
40.8	101.2	
41.4	101.3	
42.0	101.3	
42.6	101.4	
43.2	101.4	
43.9	101.5	
44.5	101.6	
45.1	101.6	
45.8	101.6	
46.5	101.7	
47.1	101.7	
47.8	101.7	
48.5	101.8	
49.2	101.7	
50.0	101.7	
50.7	101.8	
51.4	101.9	
52.2	101.9	
52.9	102.0	
53.7	102.1	
54.5	102.0	
55.3	102.0	
56.1	102.0	
56.9	102.0	
57.7	102.2	
58.6	102.4	
59.4	102.2	
60.3	101.9	
61.2	101.9	
62.1	101.5	
63.0	101.7	
63.9	102.6	
64.8	102.3	
65.8	101.6	
66.7	101.7	
67.7	101.9	
68.7	101.9	
69.7	102.0	
70.7	101.9	
71.7	102.0	
72.8	102.0	
73.8	101.8	
74.9	102.0	
76.0	102.0	
77.1	102.0	
78.3	102.1	
79.4	101.9	
80.5	101.8	
81.7	101.9	
82.9	101.9	
84.1	101.9	
85.4	101.8	
86.6	101.8	
87.9	101.9	
89.1	101.8	
90.4	101.6	
91.8	101.6	
93.1	101.6	
94.5	101.5	
95.8	101.4	
97.2	101.3	
98.6	101.5	
100.1	101.8	
101.5	101.0	
103.0	101.1	
104.5	100.8	
106.0	101.2	
107.6	101.2	
109.2	100.7	
110.8	101.0	
112.4	100.5	
114.0	100.4	
115.7	100.8	
117.4	100.6	
119.1	100.3	
120.8	100.4	
122.6	100.4	
124.3	100.5	
126.2	100.4	
128.0	100.7	
129.9	100.3	
131.8	100.4	
133.7	100.0	
135.6	100.1	
137.6	100.2	
139.6	100.0	
141.7	100.0	
143.7	99.9	
145.8	99.8	
147.9	99.8	
150.1	99.7	
152.3	99.6	
154.5	99.6	
156.8	99.5	
159.0	99.2	
161.4	99.2	
163.7	99.1	
166.1	99.2	
168.5	99.1	
171.0	98.9	
173.5	98.9	
176.0	98.8	
178.6	98.6	
181.2	98.6	
183.8	98.5	
186.5	98.4	
189.2	98.3	
192.0	98.5	
194.8	98.1	
197.6	98.0	
200.5	97.9	
203.4	97.9	
206.4	97.8	
209.4	97.6	
212.4	97.6	
215.5	97.5	
218.7	97.4	
221.9	97.3	
225.1	97.2	
228.4	97.1	
231.7	97.1	
235.1	97.0	
238.5	96.8	
242.0	96.7	
245.5	96.7	
249.1	96.6	
252.7	96.4	
256.4	96.4	
260.2	96.4	
263.9	96.2	
267.8	96.1	
271.7	96.1	
275.7	96.0	
279.7	95.9	
283.8	95.8	
287.9	95.7	
292.1	95.6	
296.3	95.5	
300.7	95.4	
305.1	95.3	
309.5	95.3	
314.0	95.2	
318.6	95.1	
323.2	95.1	
327.9	94.9	
332.7	94.9	
337.6	94.8	
342.5	94.7	
347.5	94.6	
352.6	94.4	
357.7	94.6	
362.9	94.4	
368.2	94.4	
373.6	94.2	
379.0	94.2	
384.5	94.1	
390.2	94.1	
395.8	94.0	
401.6	94.0	
407.5	93.9	
413.4	93.8	
419.4	93.7	
425.6	93.7	
431.8	93.6	
438.1	93.6	
444.4	93.5	
450.9	93.4	
457.5	93.3	
464.2	93.3	
470.9	93.2	
477.8	93.3	
484.8	93.1	
491.8	93.2	
499.0	93.0	
506.3	92.9	
513.7	92.9	
521.1	92.9	
528.7	92.9	
536.5	92.8	
544.3	92.7	
552.2	92.6	
560.3	92.6	
568.4	92.4	
576.7	92.5	
585.1	92.4	
593.7	92.4	
602.3	92.3	
611.1	92.2	
620.0	92.2	
629.0	92.2	
638.2	92.1	
647.5	92.1	
657.0	92.1	
666.5	92.1	
676.2	92.1	
686.1	92.1	
696.1	92.0	
706.3	92.0	
716.6	92.0	
727.0	92.1	
737.6	92.0	
748.4	92.1	
759.3	92.1	
770.3	92.0	
781.6	92.0	
793.0	92.1	
804.5	92.1	
816.3	92.0	
828.2	92.1	
840.2	92.2	
852.5	92.2	
864.9	92.3	
877.5	92.3	
890.3	92.3	
903.3	92.4	
916.5	92.5	
929.8	92.5	
943.4	92.6	
957.1	92.7	
971.1	92.8	
985.2	92.9	
999.6	93.0	
1014.2	93.1	
1029.0	93.2	
1044.0	93.3	
1059.2	93.5	
1074.6	93.6	
1090.3	93.7	
1106.2	93.8	
1122.3	94.0	
1138.7	94.0	
1155.3	94.2	
1172.1	94.3	
1189.2	94.5	
1206.6	94.6	
1224.1	94.8	
1242.0	94.9	
1260.1	95.0	
1278.5	95.1	
1297.1	95.2	
1316.0	95.3	
1335.2	95.5	
1354.7	95.6	
1374.4	95.7	
1394.5	95.8	
1414.8	95.9	
1435.4	96.0	
1456.3	96.1	
1477.6	96.2	
1499.1	96.3	
1521.0	96.4	
1543.1	96.5	
1565.6	96.6	
1588.5	96.7	
1611.6	96.8	
1635.1	96.9	
1659.0	97.0	
1683.2	97.1	
1707.7	97.3	
1732.6	97.4	
1757.8	97.5	
1783.5	97.6	
1809.5	97.7	
1835.9	97.8	
1862.6	98.0	
1889.8	98.1	
1917.3	98.2	
1945.3	98.3	
1973.6	98.5	
2002.4	98.6	
2031.6	98.7	
2061.2	98.9	
2091.3	99.0	
2121.8	99.2	
2152.7	99.3	
2184.1	99.4	
2215.9	99.6	
2248.2	99.7	
2281.0	99.9	
2314.3	100.0	
2348.0	100.2	
2382.3	100.3	
2417.0	100.5	
2452.2	100.6	
2488.0	100.8	
2524.2	100.9	
2561.0	101.0	
2598.4	101.2	
2636.3	101.3	
2674.7	101.4	
2713.7	101.4	
2753.3	101.5	
2793.4	101.6	
2834.1	101.7	
2875.4	101.7	
2917.4	101.8	
2959.9	101.8	
3003.1	101.9	
3046.8	101.9	
3091.3	101.9	
3136.3	101.9	
3182.1	101.8	
3228.4	101.7	
3275.5	101.6	
3323.3	101.5	
3371.7	101.4	
3420.9	101.3	
3470.8	101.1	
3521.4	100.9	
3572.7	100.7	
3624.8	100.5	
3677.6	100.3	
3731.2	100.0	
3785.6	99.8	
3840.8	99.5	
3896.8	99.2	
3953.6	98.9	
4011.3	98.7	
4069.8	98.4	
4129.1	98.1	
4189.3	97.9	
4250.4	97.6	
4312.3	97.4	
4375.2	97.2	
4439.0	97.0	
4503.7	96.8	
4569.4	96.7	
4636.0	96.5	
4703.6	96.3	
4772.2	96.1	
4841.7	95.9	
4912.3	95.8	
4984.0	95.8	
5056.6	95.8	
5130.3	95.9	
5205.1	95.9	
5281.0	95.9	
5358.0	96.0	
5436.1	96.0	
5515.4	96.0	
5595.8	96.0	
5677.4	96.0	
5760.1	95.9	
5844.1	95.8	
5929.3	95.8	
6015.8	95.7	
6103.5	95.7	
6192.5	95.8	
6282.7	95.9	
6374.3	96.1	
6467.3	96.3	
6561.6	96.5	
6657.2	96.8	
6754.3	97.0	
6852.8	97.3	
6952.7	97.6	
7054.0	97.9	
7156.9	98.2	
7261.2	98.5	
7367.1	98.8	
7474.5	99.1	
7583.5	99.4	
7694.0	99.7	
7806.2	100.0	
7920.0	100.4	
8035.5	100.8	
8152.6	101.1	
8271.5	100.9	
8392.1	100.2	
8514.4	99.1	
8638.6	97.8	
8764.5	96.5	
8892.3	95.4	
9021.9	94.4	
9153.5	93.5	
9286.9	92.8	
9422.3	92.1	
9559.7	91.6	
9699.1	91.2	
9840.5	90.9	
9983.9	90.7	
10129.5	90.5	
10277.2	90.5	
10427.0	90.5	
10579.0	90.6	
10733.3	90.9	
10889.7	91.3	
11048.5	91.9	
11209.6	92.6	
11373.0	93.5	
11538.8	94.7	
11707.1	95.8	
11877.7	95.5	
12050.9	91.6	
12226.6	92.7	
12404.9	97.1	
12585.7	100.1	
12769.2	99.9	
12955.4	97.7	
13144.3	95.3	
13335.9	93.4	
13530.3	91.8	
13727.6	90.5	
13927.7	89.4	
14130.8	88.5	
14336.8	87.7	
14545.8	87.1	
14757.9	86.5	
14973.0	86.1	
15191.3	85.9	
15412.8	85.6	
15637.5	85.5	
15865.5	85.7	
16096.8	86.0	
16331.5	86.5	
16569.6	87.2	
16811.2	87.9	
17056.3	88.2	
17304.9	87.6	
17557.2	85.9	
17813.2	83.5	
18072.9	80.9	
18336.4	78.3	
18603.7	76.0	
18875.0	73.8	
19150.1	71.8	
19429.3	70.0	
19712.6	68.1	
20000.0	66.1	
