Frequency	dB	Unweighted
19.5	98.4	
19.8	98.4	
20.1	98.5	
20.4	98.6	
20.7	98.7	
21.0	98.8	
21.3	98.8	
21.6	98.8	
21.9	98.8	
22.2	98.9	
22.5	99.0	
22.9	99.0	
23.2	99.1	
23.5	99.2	
23.9	99.3	
24.2	99.4	
24.6	99.6	
24.9	99.8	
25.3	99.9	
25.7	100.0	
26.0	100.1	
26.4	100.1	
26.8	100.2	
27.2	100.3	
27.6	100.4	
28.0	100.5	
28.4	100.5	
28.8	100.5	
29.2	100.6	
29.7	100.7	
30.1	100.8	
30.5	100.9	
31.0	101.0	
31.4	101.0	
31.9	101.1	
32.4	101.2	
32.8	101.2	
33.3	101.3	
33.8	101.3	
34.3	101.4	
34.8	101.4	
35.3	101.5	
35.8	101.6	
36.3	101.6	
36.9	101.7	
37.4	101.7	
37.9	101.7	
38.5	101.8	
39.1	101.8	
39.6	101.8	
40.2	101.9	
40.8	101.9	
41.4	102.0	
42.0	102.1	
42.6	102.1	
43.2	102.1	
43.9	102.1	
44.5	102.1	
45.1	102.1	
45.8	102.2	
46.5	102.2	
47.1	102.2	
47.8	102.2	
48.5	102.2	
49.2	102.3	
50.0	102.3	
50.7	102.3	
51.4	102.2	
52.2	102.2	
52.9	102.2	
53.7	102.3	
54.5	102.3	
55.3	102.4	
56.1	102.4	
56.9	102.4	
57.7	102.3	
58.6	102.2	
59.4	102.3	
60.3	102.2	
61.2	102.2	
62.1	102.3	
63.0	101.9	
63.9	101.8	
64.8	102.1	
65.8	102.1	
66.7	102.1	
67.7	101.9	
68.7	101.9	
69.7	102.2	
70.7	102.1	
71.7	102.1	
72.8	101.9	
73.8	101.9	
74.9	101.9	
76.0	101.7	
77.1	101.8	
78.3	101.7	
79.4	101.6	
80.5	101.6	
81.7	101.6	
82.9	101.6	
84.1	101.5	
85.4	101.4	
86.6	101.3	
87.9	101.2	
89.1	101.5	
90.4	101.2	
91.8	101.1	
93.1	101.1	
94.5	101.0	
95.8	101.0	
97.2	100.9	
98.6	100.9	
100.1	100.9	
101.5	100.7	
103.0	100.6	
104.5	100.6	
106.0	100.5	
107.6	100.4	
109.2	100.3	
110.8	100.2	
112.4	100.2	
114.0	100.0	
115.7	100.0	
117.4	99.8	
119.1	99.8	
120.8	99.7	
122.6	99.6	
124.3	99.4	
126.2	99.4	
128.0	99.3	
129.9	98.5	
131.8	99.0	
133.7	98.9	
135.6	98.8	
137.6	98.8	
139.6	98.7	
141.7	98.7	
143.7	98.7	
145.8	98.7	
147.9	98.8	
150.1	98.9	
152.3	98.7	
154.5	98.7	
156.8	98.7	
159.0	98.5	
161.4	98.5	
163.7	98.3	
166.1	98.3	
168.5	98.1	
171.0	98.1	
173.5	98.0	
176.0	98.0	
178.6	97.9	
181.2	97.6	
183.8	97.6	
186.5	97.5	
189.2	97.4	
192.0	97.4	
194.8	97.2	
197.6	97.1	
200.5	97.0	
203.4	96.9	
206.4	96.8	
209.4	96.7	
212.4	96.6	
215.5	96.5	
218.7	96.4	
221.9	96.4	
225.1	96.2	
228.4	96.1	
231.7	96.1	
235.1	96.0	
238.5	95.9	
242.0	95.8	
245.5	95.7	
249.1	95.6	
252.7	95.7	
256.4	95.5	
260.2	95.5	
263.9	95.3	
267.8	95.3	
271.7	95.2	
275.7	95.1	
279.7	95.1	
283.8	94.9	
287.9	94.9	
292.1	94.8	
296.3	94.7	
300.7	94.7	
305.1	94.6	
309.5	94.5	
314.0	94.5	
318.6	94.3	
323.2	94.3	
327.9	94.2	
332.7	94.1	
337.6	94.1	
342.5	94.0	
347.5	94.0	
352.6	93.9	
357.7	93.8	
362.9	93.7	
368.2	93.7	
373.6	93.6	
379.0	93.5	
384.5	93.5	
390.2	93.5	
395.8	93.4	
401.6	93.3	
407.5	93.3	
413.4	93.3	
419.4	93.1	
425.6	93.1	
431.8	93.1	
438.1	93.0	
444.4	93.0	
450.9	92.9	
457.5	92.9	
464.2	92.8	
470.9	92.8	
477.8	92.8	
484.8	92.7	
491.8	92.6	
499.0	92.6	
506.3	92.6	
513.7	92.5	
521.1	92.6	
528.7	92.4	
536.5	92.5	
544.3	92.4	
552.2	92.4	
560.3	92.3	
568.4	92.3	
576.7	92.3	
585.1	92.3	
593.7	92.3	
602.3	92.2	
611.1	92.2	
620.0	92.2	
629.0	92.2	
638.2	92.2	
647.5	92.1	
657.0	92.1	
666.5	92.1	
676.2	92.1	
686.1	92.1	
696.1	92.0	
706.3	92.1	
716.6	92.1	
727.0	92.1	
737.6	92.1	
748.4	92.1	
759.3	92.1	
770.3	92.1	
781.6	92.1	
793.0	92.1	
804.5	92.2	
816.3	92.2	
828.2	92.2	
840.2	92.3	
852.5	92.3	
864.9	92.3	
877.5	92.4	
890.3	92.4	
903.3	92.4	
916.5	92.5	
929.8	92.5	
943.4	92.6	
957.1	92.7	
971.1	92.7	
985.2	92.8	
999.6	92.9	
1014.2	93.0	
1029.0	93.2	
1044.0	93.3	
1059.2	93.4	
1074.6	93.5	
1090.3	93.6	
1106.2	93.8	
1122.3	93.9	
1138.7	94.0	
1155.3	94.2	
1172.1	94.3	
1189.2	94.4	
1206.6	94.5	
1224.1	94.6	
1242.0	94.8	
1260.1	94.9	
1278.5	95.0	
1297.1	95.1	
1316.0	95.2	
1335.2	95.3	
1354.7	95.5	
1374.4	95.6	
1394.5	95.7	
1414.8	95.8	
1435.4	95.9	
1456.3	96.0	
1477.6	96.1	
1499.1	96.2	
1521.0	96.3	
1543.1	96.4	
1565.6	96.5	
1588.5	96.6	
1611.6	96.8	
1635.1	96.9	
1659.0	97.0	
1683.2	97.1	
1707.7	97.3	
1732.6	97.4	
1757.8	97.5	
1783.5	97.6	
1809.5	97.8	
1835.9	97.9	
1862.6	98.1	
1889.8	98.2	
1917.3	98.4	
1945.3	98.6	
1973.6	98.7	
2002.4	98.9	
2031.6	99.0	
2061.2	99.2	
2091.3	99.4	
2121.8	99.6	
2152.7	99.7	
2184.1	99.9	
2215.9	100.1	
2248.2	100.3	
2281.0	100.5	
2314.3	100.7	
2348.0	100.9	
2382.3	101.1	
2417.0	101.3	
2452.2	101.4	
2488.0	101.6	
2524.2	101.8	
2561.0	102.0	
2598.4	102.2	
2636.3	102.4	
2674.7	102.5	
2713.7	102.7	
2753.3	102.8	
2793.4	102.9	
2834.1	103.0	
2875.4	103.1	
2917.4	103.2	
2959.9	103.3	
3003.1	103.3	
3046.8	103.4	
3091.3	103.4	
3136.3	103.4	
3182.1	103.4	
3228.4	103.4	
3275.5	103.3	
3323.3	103.3	
3371.7	103.2	
3420.9	103.2	
3470.8	103.1	
3521.4	103.0	
3572.7	103.0	
3624.8	102.9	
3677.6	102.9	
3731.2	102.8	
3785.6	102.7	
3840.8	102.6	
3896.8	102.6	
3953.6	102.5	
4011.3	102.4	
4069.8	102.3	
4129.1	102.3	
4189.3	102.2	
4250.4	102.1	
4312.3	102.0	
4375.2	101.9	
4439.0	101.9	
4503.7	101.8	
4569.4	101.7	
4636.0	101.6	
4703.6	101.5	
4772.2	101.3	
4841.7	101.2	
4912.3	101.0	
4984.0	100.8	
5056.6	100.5	
5130.3	100.3	
5205.1	100.1	
5281.0	99.9	
5358.0	99.7	
5436.1	99.5	
5515.4	99.4	
5595.8	99.2	
5677.4	99.0	
5760.1	98.8	
5844.1	98.6	
5929.3	98.4	
6015.8	98.3	
6103.5	98.1	
6192.5	98.0	
6282.7	97.9	
6374.3	97.8	
6467.3	97.7	
6561.6	97.7	
6657.2	97.7	
6754.3	97.8	
6852.8	98.0	
6952.7	98.2	
7054.0	98.4	
7156.9	98.8	
7261.2	99.2	
7367.1	99.7	
7474.5	100.2	
7583.5	100.8	
7694.0	101.4	
7806.2	101.9	
7920.0	102.3	
8035.5	102.3	
8152.6	101.9	
8271.5	101.1	
8392.1	100.0	
8514.4	98.8	
8638.6	97.6	
8764.5	96.5	
8892.3	95.4	
9021.9	94.4	
9153.5	93.5	
9286.9	92.7	
9422.3	91.9	
9559.7	91.3	
9699.1	90.7	
9840.5	90.2	
9983.9	89.8	
10129.5	89.4	
10277.2	89.1	
10427.0	88.9	
10579.0	88.7	
10733.3	88.7	
10889.7	88.7	
11048.5	88.8	
11209.6	89.1	
11373.0	89.4	
11538.8	90.0	
11707.1	90.7	
11877.7	91.4	
12050.9	89.3	
12226.6	87.9	
12404.9	90.6	
12585.7	92.6	
12769.2	94.2	
12955.4	95.4	
13144.3	96.0	
13335.9	95.8	
13530.3	95.0	
13727.6	94.1	
13927.7	93.1	
14130.8	92.3	
14336.8	91.7	
14545.8	91.3	
14757.9	91.1	
14973.0	91.1	
15191.3	91.3	
15412.8	91.7	
15637.5	92.1	
15865.5	92.4	
16096.8	92.3	
16331.5	91.4	
16569.6	90.1	
16811.2	88.4	
17056.3	86.7	
17304.9	85.2	
17557.2	84.0	
17813.2	83.0	
18072.9	82.4	
18336.4	82.0	
18603.7	81.6	
18875.0	81.4	
19150.1	80.5	
19429.3	79.0	
19712.6	76.5	
20000.0	73.7	
